event_at,removed,observed,censored,entrance,at_risk
0.0,0,0,0,10000,10000
1.0,1267,1267,0,0,10000
2.0,759,759,0,0,8733
3.0,416,416,0,0,7974
4.0,3481,233,3248,0,7558
5.0,1896,108,1788,0,4077
6.0,1137,56,1081,0,2181
7.0,606,19,587,0,1044
8.0,279,9,270,0,438
9.0,110,1,109,0,159
10.0,36,0,36,0,49
11.0,9,0,9,0,13
12.0,4,0,4,0,4
