event_at,removed,observed,censored,entrance,at_risk
0.0,0,0,0,10000,10000
1.0,704,704,0,0,10000
2.0,662,662,0,0,9296
3.0,718,718,0,0,8634
4.0,621,621,0,0,7916
5.0,2048,492,1556,0,7295
6.0,3041,295,2746,0,5247
7.0,1550,58,1492,0,2206
8.0,535,12,523,0,656
9.0,107,1,106,0,121
10.0,13,0,13,0,14
11.0,1,0,1,0,1
