event_at,removed,observed,censored,entrance,at_risk
0.0,0,0,0,10000,10000
1.0,467,467,0,0,10000
2.0,857,857,0,0,9533
3.0,1005,1005,0,0,8676
4.0,721,721,0,0,7671
5.0,1897,410,1487,0,6950
6.0,2905,243,2662,0,5053
7.0,1509,56,1453,0,2148
8.0,528,10,518,0,639
9.0,96,2,94,0,111
10.0,13,0,13,0,15
11.0,2,0,2,0,2
