event_at,removed,observed,censored,entrance,at_risk
0.0,0,0,0,10000,10000
1.0,1309,1309,0,0,10000
2.0,776,776,0,0,8691
3.0,443,443,0,0,7915
4.0,3320,223,3097,0,7472
5.0,1919,120,1799,0,4152
6.0,1217,54,1163,0,2233
7.0,626,20,606,0,1016
8.0,275,4,271,0,390
9.0,80,0,80,0,115
10.0,24,0,24,0,35
11.0,6,0,6,0,11
12.0,2,0,2,0,5
13.0,3,0,3,0,3
